I-0424-21
Amar
Omerovic
 1 |  7 | 14 |  0 |  9 |  4 | 18 | 18 |  2 |  4 | 
-----------------------------------------------------
I-0119-21
Adnan
Strasevic
 5 |  5 |  1 |  7 |  1 | 11 | 15 |  2 |  7 | 16 | 
-----------------------------------------------------
I-0041-20
Asja
Suman
11 |  4 |  2 | 13 | 12 |  2 |  1 | 16 | 18 | 15 | 
-----------------------------------------------------
I-0127-21
Srdjan
Djuric
 7 |  6 | 11 | 18 |  9 | 12 |  7 | 19 | 15 | 14 | 
-----------------------------------------------------
I-0165-21
Faris
Ahmetovic
 3 | 11 |  2 | 13 | 13 |  4 |  1 | 11 | 13 |  8 | 
-----------------------------------------------------
I-0103-21
Boris
Divkovic
 1 |  7 | 14 |  0 |  9 |  4 | 18 | 18 |  2 |  4 | 
-----------------------------------------------------
I-0440-21
Erna
Jatic
 5 |  5 |  1 |  7 |  1 | 11 | 15 |  2 |  7 | 16 | 
-----------------------------------------------------
I-0175-21
Amar
Kovcic
11 |  4 |  2 | 13 | 12 |  2 |  1 | 16 | 18 | 15 | 
-----------------------------------------------------
I-0430-21
Mateo
Marjanovic
 7 |  6 | 11 | 18 |  9 | 12 |  7 | 19 | 15 | 14 | 
-----------------------------------------------------
I-0067-20
Tarik
Krdzalic
 3 | 11 |  2 | 13 | 13 |  4 |  1 | 11 | 13 |  8 | 
-----------------------------------------------------
I-0413-21
Maid
Zukic
 1 |  7 | 14 |  0 |  9 |  4 | 18 | 18 |  2 |  4 | 
-----------------------------------------------------
I-0109-21
Neira
Ahmedbasic
 5 |  5 |  1 |  7 |  1 | 11 | 15 |  2 |  7 | 16 | 
-----------------------------------------------------
I-0168-21
Emina
Bajric
11 |  4 |  2 | 13 | 12 |  2 |  1 | 16 | 18 | 15 | 
-----------------------------------------------------
I-0406-21
Bilal
Cehajic
 7 |  6 | 11 | 18 |  9 | 12 |  7 | 19 | 15 | 14 | 
-----------------------------------------------------
I-0134-20
Haris
Djulovic
 3 | 11 |  2 | 13 | 13 |  4 |  1 | 11 | 13 |  8 | 
-----------------------------------------------------
I-0115-21
Mensur
Habibovic
 7 |  4 |  2 | 17 | 17 | 19 |  3 |  1 |  9 | 18 | 
-----------------------------------------------------
I-0100-20
Emir
Morankic
16 | 15 | 10 |  2 |  8 |  6 |  0 |  2 |  4 |  8 | 
-----------------------------------------------------
I-0128-21
Samra
Suljic
 6 |  5 | 10 |  9 | 10 | 10 |  6 |  1 | 13 |  8 | 
-----------------------------------------------------
I-0169-20
Eldar
Sadic
 9 |  3 |  4 | 14 | 16 |  0 |  6 | 16 | 11 |  8 | 
-----------------------------------------------------
I-0120-21
Esad
Catovic
 4 | 19 |  6 |  3 | 17 | 18 | 18 |  2 |  9 |  1 | 
-----------------------------------------------------
I-0123-21
Ermin
Hamzic
 1 |  7 | 14 |  0 |  9 |  4 | 18 | 18 |  2 |  4 | 
-----------------------------------------------------
I-0416-21
Marinela
Dzido
 5 |  5 |  1 |  7 |  1 | 11 | 15 |  2 |  7 | 16 | 
-----------------------------------------------------
I-0431-21
Haris
Gojak
11 |  4 |  2 | 13 | 12 |  2 |  1 | 16 | 18 | 15 | 
-----------------------------------------------------
I-0411-21
Nejra
Halilagic
 7 |  6 | 11 | 18 |  9 | 12 |  7 | 19 | 15 | 14 | 
-----------------------------------------------------
I-0136-21
Alma
Hasic
 3 | 11 |  2 | 13 | 13 |  4 |  1 | 11 | 13 |  8 | 
-----------------------------------------------------
I-0154-21
Mirza
Imamovic
 7 |  4 |  2 | 17 | 17 | 19 |  3 |  1 |  9 | 18 | 
-----------------------------------------------------
I-0135-21
Ejub
Kovacevic
16 | 15 | 10 |  2 |  8 |  6 |  0 |  2 |  4 |  8 | 
-----------------------------------------------------
I-0444-21
Amar
Tubic
 6 |  5 | 10 |  9 | 10 | 10 |  6 |  1 | 13 |  8 | 
-----------------------------------------------------
I-0078-20
Elma
Hogic
 9 |  3 |  4 | 14 | 16 |  0 |  6 | 16 | 11 |  8 | 
-----------------------------------------------------
I-0111-21
Dzejlan
Jahic
 4 | 19 |  6 |  3 | 17 | 18 | 18 |  2 |  9 |  1 | 
-----------------------------------------------------
I-0064-20
Kerim
Sirbegovic
13 | 15 | 19 | 18 |  4 | 10 | 17 |  6 | 13 |  6 | 
-----------------------------------------------------
I-0437-21
Ajdin
Jusufovic
 1 |  5 |  4 | 12 | 10 |  9 | 17 | 13 | 17 | 12 | 
-----------------------------------------------------
I-0158-21
Amina
Lisinovic
 6 | 10 |  1 | 16 | 15 |  7 | 15 | 14 | 11 | 12 | 
-----------------------------------------------------
I-0418-21
Sandro
Tunjic
10 | 10 |  1 |  4 |  6 | 10 |  7 | 11 |  7 | 17 | 
-----------------------------------------------------
I-0110-21
Majid
Basic
17 |  7 | 13 |  3 |  5 |  9 |  9 | 18 |  1 |  8 | 
-----------------------------------------------------
I-0419-21
Ajdin
Mujic
 2 |  6 |  6 | 10 | 13 |  8 |  0 | 11 |  2 | 15 | 
-----------------------------------------------------
I-0421-21
Velid
Mujezinovic
10 | 19 |  4 | 17 |  8 |  3 | 15 |  1 |  2 | 10 | 
-----------------------------------------------------
I-0122-21
Dajana
Petrovic
11 | 16 | 14 |  0 | 16 |  1 |  8 | 19 |  8 |  4 | 
-----------------------------------------------------
I-0107-21
Saldin
Delic
 1 | 14 | 13 | 19 | 18 | 18 |  0 |  8 |  7 |  7 | 
-----------------------------------------------------
I-0410-21
Benjamin
Kurtic
 8 | 13 |  8 |  3 |  7 |  1 | 10 | 17 | 13 | 14 | 
-----------------------------------------------------
I-0434-21
Dzan
Muratovic
 1 |  7 | 14 |  0 |  9 |  4 | 18 | 18 |  2 |  4 | 
-----------------------------------------------------
I-0161-20
Kenan
Ramic
 5 |  5 |  1 |  7 |  1 | 11 | 15 |  2 |  7 | 16 | 
-----------------------------------------------------
I-0425-21
Edis
Kasumovic
11 |  4 |  2 | 13 | 12 |  2 |  1 | 16 | 18 | 15 | 
-----------------------------------------------------
I-0134-21
Amina
Omerkic
 7 |  6 | 11 | 18 |  9 | 12 |  7 | 19 | 15 | 14 | 
-----------------------------------------------------
I-0167-21
Faris
Salihbasic
 3 | 11 |  2 | 13 | 13 |  4 |  1 | 11 | 13 |  8 | 
-----------------------------------------------------
I-0118-21
Azra
Hajdarevic
 7 |  4 |  2 | 17 | 17 | 19 |  3 |  1 |  9 | 18 | 
-----------------------------------------------------
I-0401-21
Azur
Mujkanovic
16 | 15 | 10 |  2 |  8 |  6 |  0 |  2 |  4 |  8 | 
-----------------------------------------------------
I-0125-21
Tarik
Velagic
 6 |  5 | 10 |  9 | 10 | 10 |  6 |  1 | 13 |  8 | 
-----------------------------------------------------
I-0146-21
Mahir
Kesetovic
 9 |  3 |  4 | 14 | 16 |  0 |  6 | 16 | 11 |  8 | 
-----------------------------------------------------
I-0438-21
Mirza
Sabanovic
 4 | 19 |  6 |  3 | 17 | 18 | 18 |  2 |  9 |  1 | 
-----------------------------------------------------
I-0177-21
Emir
Dobrnjic
13 | 15 | 19 | 18 |  4 | 10 | 17 |  6 | 13 |  6 | 
-----------------------------------------------------
I-0195-20
Tarik
Huseinbasic
 1 |  5 |  4 | 12 | 10 |  9 | 17 | 13 | 17 | 12 | 
-----------------------------------------------------
I-0142-20
Mehmed
Jajic
 6 | 10 |  1 | 16 | 15 |  7 | 15 | 14 | 11 | 12 | 
-----------------------------------------------------
I-0423-21
Benjamin
Kadric
10 | 10 |  1 |  4 |  6 | 10 |  7 | 11 |  7 | 17 | 
-----------------------------------------------------
I-0156-21
Ensar
Memic
17 |  7 | 13 |  3 |  5 |  9 |  9 | 18 |  1 |  8 | 
-----------------------------------------------------
I-0117-21
Elijas
Mesic
 2 |  6 |  6 | 10 | 13 |  8 |  0 | 11 |  2 | 15 | 
-----------------------------------------------------
I-0467-20
Abdulah
Siljic
10 | 19 |  4 | 17 |  8 |  3 | 15 |  1 |  2 | 10 | 
-----------------------------------------------------
I-0141-21
Kenan
Havic
11 | 16 | 14 |  0 | 16 |  1 |  8 | 19 |  8 |  4 | 
-----------------------------------------------------
I-0157-21
Ermin
Kaknjasevic
 1 | 14 | 13 | 19 | 18 | 18 |  0 |  8 |  7 |  7 | 
-----------------------------------------------------
I-0409-21
Tarik
Karahodza
 8 | 13 |  8 |  3 |  7 |  1 | 10 | 17 | 13 | 14 | 
-----------------------------------------------------
I-0400-20
Dino
Krivosija
 1 |  7 | 14 |  0 |  9 |  4 | 18 | 18 |  2 |  4 | 
-----------------------------------------------------
I-0147-21
Sanela
Fazlic
 5 |  5 |  1 |  7 |  1 | 11 | 15 |  2 |  7 | 16 | 
-----------------------------------------------------
I-0178-20
Asmir
Hamidovic
11 |  4 |  2 | 13 | 12 |  2 |  1 | 16 | 18 | 15 | 
-----------------------------------------------------
I-0139-21
Ajla
Husic
 7 |  6 | 11 | 18 |  9 | 12 |  7 | 19 | 15 | 14 | 
-----------------------------------------------------
I-0159-21
Kerim
Skula
 3 | 11 |  2 | 13 | 13 |  4 |  1 | 11 | 13 |  8 | 
-----------------------------------------------------
I-0404-21
Belmin
Fejzic
 7 |  4 |  2 | 17 | 17 | 19 |  3 |  1 |  9 | 18 | 
-----------------------------------------------------
I-0144-21
Samir
Mulahusejnovic
16 | 15 | 10 |  2 |  8 |  6 |  0 |  2 |  4 |  8 | 
-----------------------------------------------------
I-0166-21
Erdina
Salcinovic
 6 |  5 | 10 |  9 | 10 | 10 |  6 |  1 | 13 |  8 | 
-----------------------------------------------------
I-0433-21
Ademir
Altumbabic
 9 |  3 |  4 | 14 | 16 |  0 |  6 | 16 | 11 |  8 | 
-----------------------------------------------------
I-0106-21
Jasmin
Jasarevic
 4 | 19 |  6 |  3 | 17 | 18 | 18 |  2 |  9 |  1 | 
-----------------------------------------------------
I-0126-21
Delila
Hasanovic
13 | 15 | 19 | 18 |  4 | 10 | 17 |  6 | 13 |  6 | 
-----------------------------------------------------
I-0101-21
Harun
Delich
 1 |  5 |  4 | 12 | 10 |  9 | 17 | 13 | 17 | 12 | 
-----------------------------------------------------
I-0422-21
Anel
Behric
 6 | 10 |  1 | 16 | 15 |  7 | 15 | 14 | 11 | 12 | 
-----------------------------------------------------
I-0443-21
Dzenan
Brcanovic
10 | 10 |  1 |  4 |  6 | 10 |  7 | 11 |  7 | 17 | 
-----------------------------------------------------
I-0436-21
Admir
Mehmedovic
17 |  7 | 13 |  3 |  5 |  9 |  9 | 18 |  1 |  8 | 
-----------------------------------------------------
I-0102-21
Dzelil
Buraic
 2 |  6 |  6 | 10 | 13 |  8 |  0 | 11 |  2 | 15 | 
-----------------------------------------------------
I-0113-21
Dino
Djozic
10 | 19 |  4 | 17 |  8 |  3 | 15 |  1 |  2 | 10 | 
-----------------------------------------------------
I-0458-20
Adnana
Spahic
11 | 16 | 14 |  0 | 16 |  1 |  8 | 19 |  8 |  4 | 
-----------------------------------------------------
I-0130-21
Esmin
Tufekcic
 1 | 14 | 13 | 19 | 18 | 18 |  0 |  8 |  7 |  7 | 
-----------------------------------------------------
I-0428-21
Harun
Mostarlic
 8 | 13 |  8 |  3 |  7 |  1 | 10 | 17 | 13 | 14 | 
-----------------------------------------------------
I-0407-21
Amel
Smajic
 1 |  7 | 14 |  0 |  9 |  4 | 18 | 18 |  2 |  4 | 
-----------------------------------------------------
I-0445-21
Dino
Bahtic
 5 |  5 |  1 |  7 |  1 | 11 | 15 |  2 |  7 | 16 | 
-----------------------------------------------------
I-0427-21
Ademir
Avdic
11 |  4 |  2 | 13 | 12 |  2 |  1 | 16 | 18 | 15 | 
-----------------------------------------------------
I-0426-21
Mirza
Muratbegovic
 7 |  6 | 11 | 18 |  9 | 12 |  7 | 19 | 15 | 14 | 
-----------------------------------------------------
I-0417-21
Amar
Osmic
 3 | 11 |  2 | 13 | 13 |  4 |  1 | 11 | 13 |  8 | 
-----------------------------------------------------
I-0150-21
Amar
Osmanovic
 7 |  4 |  2 | 17 | 17 | 19 |  3 |  1 |  9 | 18 | 
-----------------------------------------------------
I-0124-21
Lejla
Djerzic
16 | 15 | 10 |  2 |  8 |  6 |  0 |  2 |  4 |  8 | 
-----------------------------------------------------
I-0412-21
Dzenan
Ibric
 6 |  5 | 10 |  9 | 10 | 10 |  6 |  1 | 13 |  8 | 
-----------------------------------------------------
I-0173-21
Rijad
Softic
 9 |  3 |  4 | 14 | 16 |  0 |  6 | 16 | 11 |  8 | 
-----------------------------------------------------
I-0108-21
Reuf
Salihovic
 4 | 19 |  6 |  3 | 17 | 18 | 18 |  2 |  9 |  1 | 
-----------------------------------------------------
I-0105-21
Izet
Dedic
13 | 15 | 19 | 18 |  4 | 10 | 17 |  6 | 13 |  6 | 
-----------------------------------------------------
I-0149-21
Emir
Mesanovic
 1 |  5 |  4 | 12 | 10 |  9 | 17 | 13 | 17 | 12 | 
-----------------------------------------------------
I-0138-21
Azra
Music
 6 | 10 |  1 | 16 | 15 |  7 | 15 | 14 | 11 | 12 | 
-----------------------------------------------------
I-0164-21
Vedad
Mahmutovic
10 | 10 |  1 |  4 |  6 | 10 |  7 | 11 |  7 | 17 | 
-----------------------------------------------------
I-0174-21
Nedim
Sejdinovic
17 |  7 | 13 |  3 |  5 |  9 |  9 | 18 |  1 |  8 | 
-----------------------------------------------------
I-0429-21
Haris
Saric
 2 |  6 |  6 | 10 | 13 |  8 |  0 | 11 |  2 | 15 | 
-----------------------------------------------------
I-0140-21
Bakir
Besirovic
10 | 19 |  4 | 17 |  8 |  3 | 15 |  1 |  2 | 10 | 
-----------------------------------------------------
I-0116-21
Filip
Maksimovic
11 | 16 | 14 |  0 | 16 |  1 |  8 | 19 |  8 |  4 | 
-----------------------------------------------------
I-0121-21
Emir
Besic
 1 | 14 | 13 | 19 | 18 | 18 |  0 |  8 |  7 |  7 | 
-----------------------------------------------------
I-0162-21
Edin
Omeragic
 8 | 13 |  8 |  3 |  7 |  1 | 10 | 17 | 13 | 14 | 
-----------------------------------------------------
I-0464-21
Dinko
Dzinic
 1 |  7 | 14 |  0 |  9 |  4 | 18 | 18 |  2 |  4 | 
-----------------------------------------------------
I-0112-21
Ramiz
Joldic
 5 |  5 |  1 |  7 |  1 | 11 | 15 |  2 |  7 | 16 | 
-----------------------------------------------------
I-0181-21
Almir
Semic
11 |  4 |  2 | 13 | 12 |  2 |  1 | 16 | 18 | 15 | 
-----------------------------------------------------
I-0151-21
Mudzahid
Smajlovic
 7 |  6 | 11 | 18 |  9 | 12 |  7 | 19 | 15 | 14 | 
-----------------------------------------------------
I-0439-21
Denis
Tomic
 3 | 11 |  2 | 13 | 13 |  4 |  1 | 11 | 13 |  8 | 
-----------------------------------------------------
I-0172-21
Adila
Sarajlic
 7 |  4 |  2 | 17 | 17 | 19 |  3 |  1 |  9 | 18 | 
-----------------------------------------------------
I-0491-21
Ismet
Selimovic
16 | 15 | 10 |  2 |  8 |  6 |  0 |  2 |  4 |  8 | 
-----------------------------------------------------
I-0442-20
Edvin
Halilovic
 6 |  5 | 10 |  9 | 10 | 10 |  6 |  1 | 13 |  8 | 
-----------------------------------------------------
I-0191-20
Nermin
Vehabovic
 9 |  3 |  4 | 14 | 16 |  0 |  6 | 16 | 11 |  8 | 
-----------------------------------------------------
I-0453-20
Senida
Pozderovic
 4 | 19 |  6 |  3 | 17 | 18 | 18 |  2 |  9 |  1 | 
-----------------------------------------------------
I-0148-21
Jasmina
Okic
13 | 15 | 19 | 18 |  4 | 10 | 17 |  6 | 13 |  6 | 
-----------------------------------------------------
I-0145-21
Edvin
Handzic
 1 |  5 |  4 | 12 | 10 |  9 | 17 | 13 | 17 | 12 | 
-----------------------------------------------------
I-0170-21
Jasmin
Haracic
 6 | 10 |  1 | 16 | 15 |  7 | 15 | 14 | 11 | 12 | 
-----------------------------------------------------
I-0155-21
Emir
Hodzic
10 | 10 |  1 |  4 |  6 | 10 |  7 | 11 |  7 | 17 | 
-----------------------------------------------------
I-0132-21
Irfan
Imerovic
17 |  7 | 13 |  3 |  5 |  9 |  9 | 18 |  1 |  8 | 
-----------------------------------------------------
I-0171-21
Edin
Mujdanovic
 2 |  6 |  6 | 10 | 13 |  8 |  0 | 11 |  2 | 15 | 
-----------------------------------------------------
I-0192-20
Adnan
Karahmet
10 | 19 |  4 | 17 |  8 |  3 | 15 |  1 |  2 | 10 | 
-----------------------------------------------------
I-0482-20
Jasmin
Alic
11 | 16 | 14 |  0 | 16 |  1 |  8 | 19 |  8 |  4 | 
-----------------------------------------------------
I-0495-20
Adnan
Zunic
 1 | 14 | 13 | 19 | 18 | 18 |  0 |  8 |  7 |  7 | 
-----------------------------------------------------
I-0494-20
Zvonimir
Madjarac
 8 | 13 |  8 |  3 |  7 |  1 | 10 | 17 | 13 | 14 | 
-----------------------------------------------------